22852
43608
49336
63962
53439
47979
50535
62186
55973
55937
1335
24324
56685
11088
38260
39538
22267
6745
21157
45678
14835
40345
3604
11289
18349
30396
40747
55676
55671
24820
18656
52383
44500
57731
25964
49248
37473
47489
36592
65038
46694
23958
61796
48349
13860
1422
15493
46786
63626
50759
58122
39893
20998
11341
16862
46034
25634
10605
44604
19314
54417
4897
46931
4821
64437
26607
34496
51681
60539
5698
54817
6405
57918
54446
30312
16103
30499
35292
43671
61510
6799
54790
21158
60625
15874
6385
65421
3217
37711
8792
58890
62336
5022
28557
22084
57026
49093
3137
59784
46740
