29460
56974
57205
40410
17135
3565
45578
53190
28616
22441
18205
55891
30765
7003
39922
25795
42401
15291
10583
14897
57349
27386
50257
5421
49073
37522
29849
9045
28886
57534
53540
61715
7386
53919
62713
46351
53857
55723
25344
41580
55291
41213
42244
57053
6546
9364
15563
30752
59970
44245
46179
41472
44360
50385
34947
11381
32189
40305
3011
28574
36806
15241
44897
29389
35642
50895
48347
19329
24987
21593
5795
13007
19485
23683
7312
39340
29727
31348
5562
14701
56770
10048
15491
17223
10980
27518
42429
4686
45433
21849
6294
11698
48298
46538
40272
44696
2385
56068
5165
54441
7610
53174
51047
30768
53031
64316
21051
14036
32448
48718
50826
29392
35004
65165
2657
10803
21623
12654
33166
5790
2247
53537
15524
39984
19914
46095
51688
41499
49720
15830
3221
14169
63297
3968
1793
48021
20528
49217
39906
26369
3026
18593
62774
23672
55910
29656
29599
46926
40046
44662
62072
11047
31463
31407
27361
7791
18671
18847
58787
39478
44926
21122
32853
53763
48689
40074
35082
24111
11823
62194
19458
59894
36480
3183
50131
3388
10631
15416
34145
14404
17061
31595
51480
1633
11954
12713
39275
27518
13117
37961
59113
4131
19619
47062
29523
51196
21284
2251
19117
30908
8369
4649
27148
33293
38172
35719
33657
58434
47731
10291
48085
2464
65531
40620
13905
24420
1493
44840
8279
26150
54795
26933
19324
49048
36751
45100
49446
6073
28008
42098
55121
54242
1424
34922
22443
53440
30843
23522
9262
27546
51720
27696
18108
49556
34546
43452
36473
49859
19723
43627
17784
7661
30914
53948
22242
30186
42510
27219
38944
64022
30231
9210
10819
47516
5044
24857
58126
39969
49229
48619
57807
13287
40352
2534
23290
58293
22852
2000
59772
32884
4437
16007
29995
31000
4015
57138
52683
6703
63564
43913
16726
2708
63538
46902
44380
8081
62151
32425
17971
64870
48247
50133
44540
10490
6162
56018
4376
40386
29313
64864
8206
12972
39478
4376
43041
1963
57316
16576
44671
28255
61515
23143
46506
47263
9660
4456
54450
43647
14324
53711
37679
63588
54125
35313
55040
57210
21420
48039
20693
3428
18340
55484
42447
24006
35052
47607
30249
32620
6162
15918
26184
2424
1630
27349
32728
33229
61907
57937
55099
2711
51100
4530
3452
64532
1423
65526
27580
23428
49447
22721
18859
36589
39859
54171
49271
43300
7339
60393
22006
24807
56923
29883
983
2718
37542
43774
27517
29984
16329
16453
1148
12513
39954
29985
61501
52243
9598
50014
56464
53324
19368
7060
63580
38176
43348
9649
39937
12558
7125
56915
35313
17775
21302
60143
59062
1340
58249
61758
33056
32585
42817
33595
14129
56737
29015
60611
8591
21289
17786
35505
22854
55486
436
47395
14715
35312
8556
51261
48085
29080
57912
30696
14844
22043
2372
62566
27563
42538
6444
11034
53058
65516
19780
4318
58615
1969
54738
24134
21197
57026
55738
41433
27644
43300
49967
57710
59636
14398
32435
27291
18673
19072
5186
47711
14910
27603
29224
26285
5670
37323
17902
52522
32865
10205
21091
39329
19190
40174
8201
24727
3550
17275
4040
63348
20750
47557
29779
36836
36506
16036
11859
6107
48400
39957
30528
61223
65264
22597
49254
40713
46761
64307
21474
9234
48646
41063
21958
18130
14220
7055
51550
63759
12157
27291
56023
15143
35839
27271
13739
31961
6064
2862
3454
3404
27356
64788
28311
5392
15648
55282
48699
55632
3634
29763
12107
1647
57549
64396
36177
22954
61684
33936
44487
55718
20098
51353
13602
36078
14692
8082
8461
12275
7534
57378
48141
16915
25361
2445
40443
3847
47237
44329
6517
22459
28327
30417
46609
26575
28016
27973
62135
47966
47350
9998
45191
40999
36911
15517
5697
15727
40398
22258
2962
13215
14484
25024
17429
8125
13991
51907
12463
5057
48703
25612
42062
56241
55359
9928
60477
19611
24275
19910
1429
65076
28042
50347
17899
38497
27001
55557
40585
8012
29106
14136
52374
59778
57834
11521
38531
60365
5635
47121
17847
56948
52391
16274
2889
61348
5098
52553
62841
40719
15627
58563
41616
20371
50822
36594
25089
29529
52559
5344
63328
59766
27224
5917
35242
32749
24530
63328
23735
25170
52504
53449
283
8319
59416
53127
32776
33240
19134
36044
21374
25901
33126
64940
28522
56087
45127
32182
19540
40314
18410
59000
26779
10877
32703
32291
34706
34890
16590
46998
40733
375
7319
20247
49687
46119
7353
44945
55591
20541
39520
52806
59802
55207
51069
50418
23583
7838
17245
32373
55461
28107
34576
18127
8916
19683
28554
7737
66
44692
58124
22364
49351
34326
61463
29667
65119
4160
44356
61231
42776
42301
9837
59209
17699
55770
19252
28233
47356
44897
55600
64697
33959
62492
53091
40483
16074
11376
64746
18011
32209
4550
35054
28210
20486
6473
61759
60340
16978
31973
28372
41661
48635
58767
9956
31011
43763
21180
13262
9196
25022
61441
48561
17278
64180
48190
57003
39278
29109
48254
28041
20020
14969
48460
31380
34077
11271
44797
63473
19601
54839
35110
53678
7542
46201
28426
29586
2308
27105
59084
11245
48859
32167
14234
65021
14222
31118
5167
47898
59627
63141
16211
50033
31426
1423
50038
46185
25449
32618
5507
55155
11492
34934
16830
5898
21620
55197
18547
3194
20767
62013
37641
50852
51230
21660
59864
54284
60137
41234
21329
61344
26518
11479
36461
13304
56308
11644
30957
41641
58476
4060
13858
2199
21335
7379
43202
13277
60085
5038
8791
8000
51916
12873
43232
12670
17162
47419
2
12120
35107
9208
41623
46380
11181
27411
62422
23467
41810
61111
20768
27119
54857
25268
1707
45290
32704
57510
61009
57507
26138
21002
10451
2450
61864
47025
43807
45958
49280
34808
33558
55946
7366
56969
50621
35065
54
34820
5239
44853
29594
59331
56247
15547
25007
13962
44040
34523
19705
58391
59982
22059
3435
52226
9838
55445
49083
5640
35815
31061
15152
47926
30417
48672
44470
53850
25973
45019
51067
38804
27496
43339
10595
4641
25354
15872
31391
53716
19922
4835
43975
22616
22279
14174
61272
53933
30695
50505
58005
4674
52128
11800
15578
37986
46536
49178
14484
34568
23195
9860
18067
23875
54852
13719
40129
49236
43917
28841
55851
42618
6877
52660
30397
37598
19698
10252
37501
35786
20744
11771
10612
4907
63719
57758
52370
23051
15991
49316
65306
